22
56
55
11
71
56
87
17
77
67
34
7
31
85
44
64
36
13
15
25
53
92
86
94
46
91
39
69
11
91
55
21
96
19
90
1
79
49
2
65
78
16
20
41
22
96
5
45
73
38
11
14
45
29
28
27
21
79
9
1
49
28
65
54
93
91
73
25
43
65
67
29
88
56
95
43
53
83
38
88
44
75
1
64
56
20
43
22
60
7
70
15
36
43
81
30
42
88
19
68
5
10
1
84
21
96
69
19
35
65
54
96
71
76
42
62
59
31
56
57
57
92
92
63
9
32
39
28
38
8
89
32
85
61
87
38
84
30
14
76
18
66
42
52
49
8
17
69
34
55
88
66
82
3
93
44
26
66
96
10
64
9
55
2
54
23
4
48
30
61
9
30
90
96
92
60
77
77
16
95
74
84
71
77
47
89
26
58
68
11
22
15
88
99
7
70
17
9
15
25
51
94
23
7
13
39
72
28
91
75
13
59
8
41
99
64
36
3
84
65
64
1
4
60
9
52
14
22
10
15
29
38
74
81
42
42
97
72
20
63
77
7
58
25
88
57
62
70
47
53
12
50
14
70
75
3
92
15
85
78
98
16
73
41
34
14
67
24
46
73
81
100
82
69
41
38
91
32
24
47
12
7
88
40
2
76
91
3
57
29
68
99
51
21
63
17
30
86
75
92
71
1
8
21
47
84
96
40
100
68
82
50
63
52
5
73
41
2
43
57
23
66
40
56
8
100
60
11
63
6
67
80
60
83
76
70
95
13
50
63
92
84
15
23
95
6
47
5
96
48
76
87
25
27
81
34
10
57
64
69
95
4
32
93
42
4
60
93
17
69
12
12
74
67
2
85
51
16
86
47
89
52
66
57
54
84
11
5
59
17
25
25
42
43
83
8
12
11
40
84
60
33
78
47
30
85
97
40
52
16
80
42
76
79
74
59
55
4
19
50
60
56
40
42
47
55
96
44
92
58
78
75
57
21
61
85
57
32
36
64
47
52
54
62
7
25
42
95
63
65
66
72
45
85
75
65
90
48
49
27
62
64
31
54
100
29
31
61
46
15
2
74
89
86
39
26
62
5
21
73
3
62
66
59
3
83
24
67
32
70
62
60
100
37
35
16
91
43
50
74
60
42
89
30
5
37
6
80
73
48
100
60
68
82
84
42
16
27
77
24
98
93
82
25
84
94
94
14
85
10
13
69
5
50
23
30
5
92
22
13
12
77
70
93
75
37
47
15
4
78
61
34
79
11
40
18
77
45
16
17
52
11
65
37
66
45
42
10
30
6
2
19
89
41
90
33
53
13
4
25
64
23
9
24
17
65
53
94
48
17
62
54
70
93
42
44
35
63
48
72
93
74
46
64
51
98
75
22
9
15
96
47
71
24
24
8
67
93
80
61
64
52
50
9
77
13
79
36
17
96
91
57
89
12
91
20
11
35
10
16
33
8
19
61
38
1
14
22
36
41
72
58
100
38
15
49
25
8
61
46
1
87
19
28
75
1
61
30
97
93
47
78
46
28
18
52
45
57
20
23
100
63
32
94
59
3
50
69
64
57
99
21
49
84
82
28
2
27
43
21
70
61
73
20
57
56
24
96
5
70
15
100
4
98
55
81
24
95
18
20
8
77
75
35
30
97
55
82
2
39
89
72
49
97
14
63
91
82
19
90
8
17
96
34
56
29
39
80
75
25
92
94
59
51
11
45
72
23
22
54
67
65
31
49
100
48
1
27
25
94
58
21
35
77
6
81
26
51
75
56
52
1
72
57
80
46
48
63
25
2
82
77
88
43
24
32
47
38
48
50
18
64
14
42
63
75
9
83
56
45
64
70
45
85
78
11
68
78
2
32
8
35
94
67
38
62
73
35
9
48
38
85
14
92
96
23
19
64
24
82
91
47
32
10
49
32
12
59
47
78
81
92
8
24
93
64
71
10
40
76
62
39
25
42
66
60
28
99
41
12
41
19
38
73
46
53
45
23
97
39
87
52
75
75
48
14
21
36
77
97
57
47
12
25
15
55
10
78
68
47
82
74
19
61
75
26
6
78
45
98
1
60
57
27
72
54
22
30
68
80
24
23
89
8
93
30
2
93
74
6
77
4
64
82
45
46
35
17
45
61
78
20
25
76
86
44
47
42
83
96
75
65
30
60
29
98
3
20
72
89
67
64
94
95
92
39
43
69
53
1
7
38
89
79
56
23
3
85
58
59
50
31
32
4
11
100
19
26
90
13
70
6
12
88
42
14
94
36
78
63
80
92
65
58
57
64
88
7
5
47
15
6
84
37
13
85
11
71
4
68
29
90
12
9